$ 1 0.000005 105.18789638808724 1 5 43 5e-11
v 288 304 288 208 0 2 5 20 20 0.5759586531581288 0.29
v 192 304 192 160 0 1 50 60 0 0 0.5
g 224 304 224 368 0 0
w 192 304 224 304 0
w 288 304 224 304 0
178 320 144 320 208 6 1 0.2 -1.4436071252539604e-176 0.05 1000000 0.02 20 0.015 0.005 0
w 192 160 192 80 0
w 192 80 320 80 0
w 224 304 224 224 0
w 256 128 288 128 0
w 288 128 288 144 0
d 256 128 256 208 2 default
w 256 208 288 208 0
w 224 128 256 128 0
r 224 128 224 224 0 1000
w 320 80 320 144 0
r 336 240 336 304 0 1000
w 288 304 336 304 0
w 304 208 336 240 0
o 0 256 0 4866 80 0.1 0 4 0 3 18 0 18 3

